0;2;20240603070002;430106000000020081;望青路与青山路交叉口;2;4
0;2;20240603070051;430106000000020086;岳麓大道与麓谷大道交叉口;2;4
1;2;20240603071642;430106000000020061;尖山路与旺龙路交叉口;3;3
1;2;20240603071829;430106000000012456;青山路与尖山路交叉口;2;4
1;2;20240603072005;430106000000020067;青山路与旺龙路西交叉口;3;1
2;2;20240603070008;430106000000010513;青山路与旺龙路西交叉口;2;1
2;2;20240603071737;430106000000010508;青山路与尖山路交叉口;2;2
3;2;20240603070122;430106000000020063;尖山路与旺龙路交叉口;3;2
3;2;20240603070425;430106000000020081;望青路与青山路交叉口;2;4
3;2;20240603070520;430106000000020086;岳麓大道与麓谷大道交叉口;1;4
4;2;20240603070419;430106000000020061;尖山路与旺龙路交叉口;3;3
4;2;20240603070854;430106000000020066;青山路与旺龙路西交叉口;2;4
5;2;20240603070642;430106000000019057;岳麓大道与麓谷大道交叉口;3;1
5;2;20240603071007;430106000000020060;尖山路与旺龙路交叉口;2;1
6;2;20240603071115;430106000000019051;望青路与青山路交叉口;0;2
6;2;20240603071234;430106000000020086;岳麓大道与麓谷大道交叉口;2;4
7;2;20240603070126;430106000000019058;岳麓大道与麓谷大道交叉口;1;2
7;2;20240603071852;430106000000019051;望青路与青山路交叉口;0;2
8;2;20240603070214;430106000000010506;青山路与尖山路交叉口;1;1
8;2;20240603070516;430106000000010550;旺龙路与岳麓大道桥下路口;1;1
9;52;20240603070351;430106000000012456;青山路与尖山路交叉口;2;4
9;52;20240603070457;430106000000020067;青山路与旺龙路西交叉口;3;1
9;52;20240603070841;430106000000010549;旺龙路与岳麓大道桥下路口;1;4
9;52;20240603071636;430106000000020063;尖山路与旺龙路交叉口;3;2
10;52;20240603070041;430106000000012456;青山路与尖山路交叉口;2;4
10;52;20240603070624;430106000000010549;旺龙路与岳麓大道桥下路口;1;4
11;52;20240603070137;430106000000020069;青山路与旺龙路西交叉口;1;3
11;52;20240603071224;430106000000010550;旺龙路与岳麓大道桥下路口;1;1
12;2;20240603070958;430106000000020168;岳麓大道与麓谷大道交叉口;3;3
12;2;20240603071808;430106000000020060;尖山路与旺龙路交叉口;2;1
13;52;20240603071632;430106000000012457;青山路与尖山路交叉口;3;1
13;52;20240603071741;430106000000020062;尖山路与旺龙路交叉口;2;3
13;52;20240603071942;430106000000020081;望青路与青山路交叉口;1;4
14;1;20240603071032;430106000000010550;旺龙路与岳麓大道桥下路口;1;1
14;1;20240603071411;430106000000019058;岳麓大道与麓谷大道交叉口;2;2
15;52;20240603070626;430106000000010508;青山路与尖山路交叉口;1;2
15;52;20240603071909;430106000000020062;尖山路与旺龙路交叉口;3;3
16;2;20240603070645;430106000000010508;青山路与尖山路交叉口;2;2
16;2;20240603071034;430106000000019051;望青路与青山路交叉口;0;2
16;2;20240603071224;430106000000020086;岳麓大道与麓谷大道交叉口;1;4
17;52;20240603070608;430106000000019058;岳麓大道与麓谷大道交叉口;1;2
17;52;20240603070838;430106000000019049;望青路与青山路交叉口;2;3
17;52;20240603070959;430106000000020060;尖山路与旺龙路交叉口;2;1
18;52;20240603071712;430106000000012399;旺龙路与岳麓大道桥下路口;2;3
18;52;20240603071912;430106000000020070;青山路与旺龙路西交叉口;3;3
19;52;20240603070858;430106000000012457;青山路与尖山路交叉口;3;1
19;52;20240603071033;430106000000020061;尖山路与旺龙路交叉口;3;3
20;2;20240603071831;430106000000020070;青山路与旺龙路西交叉口;3;3
20;2;20240603071933;430106000000010508;青山路与尖山路交叉口;1;2
21;52;20240603070241;430106000000019058;岳麓大道与麓谷大道交叉口;2;2
21;52;20240603070446;430106000000019049;望青路与青山路交叉口;2;3
21;52;20240603070806;430106000000020060;尖山路与旺龙路交叉口;2;1
22;2;20240603070254;430106000000012457;青山路与尖山路交叉口;3;1
22;2;20240603071201;430106000000020068;青山路与旺龙路西交叉口;2;1
23;52;20240603070127;430106000000020065;青山路与旺龙路西交叉口;3;4
23;52;20240603070324;430106000000012397;旺龙路与岳麓大道桥下路口;3;4
24;51;20240603070221;430106000000010504;青山路与尖山路交叉口;1;4
24;51;20240603070824;430106000000019051;望青路与青山路交叉口;0;2
24;51;20240603070949;430106000000020086;岳麓大道与麓谷大道交叉口;2;4
25;2;20240603070032;430106000000020081;望青路与青山路交叉口;2;4
25;2;20240603070230;430106000000020086;岳麓大道与麓谷大道交叉口;2;4
26;52;20240603070135;430106000000019055;岳麓大道与麓谷大道交叉口;3;3
26;52;20240603070815;430106000000020060;尖山路与旺龙路交叉口;2;1
27;52;20240603070658;430106000000020070;青山路与旺龙路西交叉口;3;3
27;52;20240603070936;430106000000010508;青山路与尖山路交叉口;1;2
27;52;20240603071057;430106000000020062;尖山路与旺龙路交叉口;2;3
27;52;20240603071314;430106000000020081;望青路与青山路交叉口;2;4
28;2;20240603071459;430106000000012399;旺龙路与岳麓大道桥下路口;2;3
28;2;20240603071649;430106000000020070;青山路与旺龙路西交叉口;3;3
28;2;20240603072019;430106000000020063;尖山路与旺龙路交叉口;3;2
29;2;20240603070048;430106000000020168;岳麓大道与麓谷大道交叉口;3;3
29;2;20240603070952;430106000000020060;尖山路与旺龙路交叉口;2;1
30;2;20240603071213;430106000000012399;旺龙路与岳麓大道桥下路口;2;3
30;2;20240603071418;430106000000020069;青山路与旺龙路西交叉口;2;3
30;2;20240603071754;430106000000020063;尖山路与旺龙路交叉口;3;2
31;2;20240603071753;430106000000019051;望青路与青山路交叉口;0;2
31;2;20240603071957;430106000000020086;岳麓大道与麓谷大道交叉口;2;4
32;2;20240603070639;430106000000019058;岳麓大道与麓谷大道交叉口;2;2
32;2;20240603071015;430106000000020060;尖山路与旺龙路交叉口;2;1
33;2;20240603070020;430106000000019055;岳麓大道与麓谷大道交叉口;3;3
33;2;20240603070600;430106000000020060;尖山路与旺龙路交叉口;2;1
34;52;20240603070831;430106000000010549;旺龙路与岳麓大道桥下路口;1;4
34;52;20240603071129;430106000000019058;岳麓大道与麓谷大道交叉口;2;2
35;2;20240603070355;430106000000020063;尖山路与旺龙路交叉口;3;2
35;2;20240603070626;430106000000020081;望青路与青山路交叉口;2;4
35;2;20240603070727;430106000000020086;岳麓大道与麓谷大道交叉口;1;4
36;2;20240603070740;430106000000019057;岳麓大道与麓谷大道交叉口;3;1
36;2;20240603071045;430106000000020060;尖山路与旺龙路交叉口;2;1
37;2;20240603070728;430106000000020168;岳麓大道与麓谷大道交叉口;3;3
37;2;20240603071500;430106000000020060;尖山路与旺龙路交叉口;2;1
38;52;20240603070111;430106000000010512;青山路与旺龙路西交叉口;2;4
38;52;20240603070320;430106000000010549;旺龙路与岳麓大道桥下路口;2;4
39;2;20240603070327;430106000000020168;岳麓大道与麓谷大道交叉口;2;3
39;2;20240603071219;430106000000020060;尖山路与旺龙路交叉口;2;1
40;2;20240603071153;430106000000019057;岳麓大道与麓谷大道交叉口;3;1
40;2;20240603071521;430106000000020060;尖山路与旺龙路交叉口;2;1
41;2;20240603071452;430106000000012399;旺龙路与岳麓大道桥下路口;2;3
41;2;20240603071646;430106000000020069;青山路与旺龙路西交叉口;2;3
42;52;20240603070229;430106000000020168;岳麓大道与麓谷大道交叉口;0;3
42;52;20240603070453;430106000000020060;尖山路与旺龙路交叉口;2;1
43;52;20240603070000;430106000000020081;望青路与青山路交叉口;1;4
43;52;20240603070053;430106000000020086;岳麓大道与麓谷大道交叉口;2;4
44;2;20240603071715;430106000000012399;旺龙路与岳麓大道桥下路口;2;3
44;2;20240603071906;430106000000020069;青山路与旺龙路西交叉口;2;3
45;2;20240603070454;430106000000020063;尖山路与旺龙路交叉口;3;2
45;2;20240603070643;430106000000020081;望青路与青山路交叉口;2;4
45;2;20240603070936;430106000000020086;岳麓大道与麓谷大道交叉口;1;4
46;2;20240603071342;430106000000010549;旺龙路与岳麓大道桥下路口;1;4
46;2;20240603071645;430106000000019058;岳麓大道与麓谷大道交叉口;2;2
47;52;20240603070005;430106000000019049;望青路与青山路交叉口;2;3
47;52;20240603070108;430106000000020060;尖山路与旺龙路交叉口;2;1
48;2;20240603070614;430106000000020062;尖山路与旺龙路交叉口;2;3
48;2;20240603070738;430106000000020081;望青路与青山路交叉口;2;4
48;2;20240603070956;430106000000020086;岳麓大道与麓谷大道交叉口;1;4
49;2;20240603070902;430106000000020063;尖山路与旺龙路交叉口;3;2
49;2;20240603071354;430106000000020081;望青路与青山路交叉口;2;4
49;2;20240603071511;430106000000020086;岳麓大道与麓谷大道交叉口;2;4
50;52;20240603070105;430106000000019056;岳麓大道与麓谷大道交叉口;3;1
50;52;20240603070530;430106000000010550;旺龙路与岳麓大道桥下路口;2;1
51;2;20240603070825;430106000000019057;岳麓大道与麓谷大道交叉口;3;1
51;2;20240603071032;430106000000020060;尖山路与旺龙路交叉口;2;1
52;2;20240603070322;430106000000019057;岳麓大道与麓谷大道交叉口;3;1
52;2;20240603070528;430106000000020060;尖山路与旺龙路交叉口;2;1
53;52;20240603070115;430106000000010512;青山路与旺龙路西交叉口;2;4
53;52;20240603070326;430106000000012397;旺龙路与岳麓大道桥下路口;3;4
54;2;20240603070326;430106000000020168;岳麓大道与麓谷大道交叉口;1;3
54;2;20240603071048;430106000000010507;青山路与尖山路交叉口;1;3
54;2;20240603071152;430106000000020067;青山路与旺龙路西交叉口;3;1
55;2;20240603070142;430106000000012457;青山路与尖山路交叉口;3;1
55;2;20240603070320;430106000000020062;尖山路与旺龙路交叉口;2;3
56;2;20240603070217;430106000000020081;望青路与青山路交叉口;2;4
56;2;20240603071034;430106000000019056;岳麓大道与麓谷大道交叉口;3;1
57;52;20240603070328;430106000000020081;望青路与青山路交叉口;2;4
57;52;20240603071030;430106000000019056;岳麓大道与麓谷大道交叉口;1;1
58;2;20240603070052;430106000000020086;岳麓大道与麓谷大道交叉口;2;4
58;2;20240603070315;430106000000010551;旺龙路与岳麓大道桥下路口;3;1
59;52;20240603070207;430106000000019051;望青路与青山路交叉口;0;2
59;52;20240603070632;430106000000019056;岳麓大道与麓谷大道交叉口;1;1
60;2;20240603070214;430106000000012458;青山路与尖山路交叉口;1;3
60;2;20240603070451;430106000000019051;望青路与青山路交叉口;3;2
60;2;20240603070946;430106000000020086;岳麓大道与麓谷大道交叉口;1;4
61;52;20240603070001;430106000000020168;岳麓大道与麓谷大道交叉口;0;3
61;52;20240603070241;430106000000010507;青山路与尖山路交叉口;3;3
61;52;20240603070435;430106000000020068;青山路与旺龙路西交叉口;2;1
62;52;20240603070444;430106000000020081;望青路与青山路交叉口;2;4
62;52;20240603070720;430106000000020086;岳麓大道与麓谷大道交叉口;1;4
62;52;20240603071054;430106000000020060;尖山路与旺龙路交叉口;2;1
63;2;20240603070010;430106000000020168;岳麓大道与麓谷大道交叉口;0;3
63;2;20240603070256;430106000000020060;尖山路与旺龙路交叉口;2;1
63;2;20240603071911;430106000000020065;青山路与旺龙路西交叉口;3;4
63;2;20240603072055;430106000000012397;旺龙路与岳麓大道桥下路口;3;4
64;51;20240603070427;430106000000010506;青山路与尖山路交叉口;3;1
64;51;20240603070804;430106000000020068;青山路与旺龙路西交叉口;2;1
65;52;20240603070225;430106000000010507;青山路与尖山路交叉口;2;3
65;52;20240603070315;430106000000020061;尖山路与旺龙路交叉口;3;3
66;52;20240603070843;430106000000010506;青山路与尖山路交叉口;3;1
66;52;20240603070946;430106000000020067;青山路与旺龙路西交叉口;3;1
67;2;20240603070107;430106000000010508;青山路与尖山路交叉口;1;2
67;2;20240603070823;430106000000020062;尖山路与旺龙路交叉口;3;3
67;2;20240603072057;430106000000020065;青山路与旺龙路西交叉口;3;4
68;52;20240603070031;430106000000020168;岳麓大道与麓谷大道交叉口;0;3
68;52;20240603070426;430106000000019051;望青路与青山路交叉口;0;2
69;52;20240603070035;430106000000020168;岳麓大道与麓谷大道交叉口;0;3
69;52;20240603070359;430106000000020060;尖山路与旺龙路交叉口;2;1
70;2;20240603070444;430106000000012399;旺龙路与岳麓大道桥下路口;2;3
70;2;20240603070649;430106000000020070;青山路与旺龙路西交叉口;3;3
70;2;20240603070745;430106000000010508;青山路与尖山路交叉口;2;2
71;2;20240603070233;430106000000010507;青山路与尖山路交叉口;2;3
71;2;20240603070520;430106000000020062;尖山路与旺龙路交叉口;3;3
71;2;20240603071454;430106000000020085;岳麓大道与麓谷大道交叉口;2;2
72;2;20240603070039;430106000000020168;岳麓大道与麓谷大道交叉口;0;3
72;2;20240603070321;430106000000020060;尖山路与旺龙路交叉口;2;1
73;52;20240603070245;430106000000020063;尖山路与旺龙路交叉口;3;2
73;52;20240603070546;430106000000020065;青山路与旺龙路西交叉口;3;4
73;52;20240603070830;430106000000012397;旺龙路与岳麓大道桥下路口;3;4
74;2;20240603070210;430106000000019051;望青路与青山路交叉口;0;2
74;2;20240603070255;430106000000020086;岳麓大道与麓谷大道交叉口;2;4
75;2;20240603070030;430106000000020168;岳麓大道与麓谷大道交叉口;0;3
75;2;20240603070405;430106000000010551;旺龙路与岳麓大道桥下路口;3;1
76;2;20240603070051;430106000000020062;尖山路与旺龙路交叉口;2;3
76;2;20240603070208;430106000000020081;望青路与青山路交叉口;2;4
76;2;20240603070307;430106000000020086;岳麓大道与麓谷大道交叉口;2;4
77;2;20240603070045;430106000000020168;岳麓大道与麓谷大道交叉口;0;3
77;2;20240603070334;430106000000020060;尖山路与旺龙路交叉口;2;1
78;2;20240603071400;430106000000010549;旺龙路与岳麓大道桥下路口;1;4
78;2;20240603071907;430106000000019059;岳麓大道与麓谷大道交叉口;1;2
79;2;20240603070035;430106000000020168;岳麓大道与麓谷大道交叉口;0;3
79;2;20240603070414;430106000000010550;旺龙路与岳麓大道桥下路口;2;1
80;52;20240603070600;430106000000012458;青山路与尖山路交叉口;1;3
80;52;20240603070735;430106000000019051;望青路与青山路交叉口;3;2
80;52;20240603071101;430106000000019056;岳麓大道与麓谷大道交叉口;1;1
81;51;20240603070803;430106000000019051;望青路与青山路交叉口;0;2
81;51;20240603070922;430106000000020086;岳麓大道与麓谷大道交叉口;2;4
82;2;20240603070432;430106000000019051;望青路与青山路交叉口;0;2
82;2;20240603070524;430106000000020086;岳麓大道与麓谷大道交叉口;1;4
83;52;20240603070204;430106000000020168;岳麓大道与麓谷大道交叉口;0;3
83;52;20240603070616;430106000000010506;青山路与尖山路交叉口;3;1
84;2;20240603070128;430106000000020067;青山路与旺龙路西交叉口;3;1
84;2;20240603071733;430106000000010508;青山路与尖山路交叉口;2;2
84;2;20240603072004;430106000000019051;望青路与青山路交叉口;0;2
85;2;20240603070211;430106000000020168;岳麓大道与麓谷大道交叉口;0;3
85;2;20240603070629;430106000000010551;旺龙路与岳麓大道桥下路口;3;1
86;2;20240603070000;430106000000019040;望青路与青山路交叉口;2;4
86;2;20240603070040;430106000000020086;岳麓大道与麓谷大道交叉口;2;4
87;2;20240603070008;430106000000020081;望青路与青山路交叉口;2;4
87;2;20240603070056;430106000000020086;岳麓大道与麓谷大道交叉口;1;4
88;2;20240603070002;430106000000019040;望青路与青山路交叉口;2;4
88;2;20240603070042;430106000000020086;岳麓大道与麓谷大道交叉口;2;4
88;2;20240603072002;430106000000020060;尖山路与旺龙路交叉口;2;1
89;2;20240603070009;430106000000020081;望青路与青山路交叉口;2;4
89;2;20240603070059;430106000000020086;岳麓大道与麓谷大道交叉口;2;4
90;2;20240603070001;430106000000020081;望青路与青山路交叉口;2;4
90;2;20240603070049;430106000000020086;岳麓大道与麓谷大道交叉口;1;4
91;2;20240603070211;430106000000020168;岳麓大道与麓谷大道交叉口;0;3
91;2;20240603070645;430106000000020081;望青路与青山路交叉口;1;4
92;51;20240603070128;430106000000010508;青山路与尖山路交叉口;1;2
92;51;20240603070324;430106000000020062;尖山路与旺龙路交叉口;3;3
93;2;20240603070113;430106000000010508;青山路与尖山路交叉口;2;2
93;2;20240603070256;430106000000019051;望青路与青山路交叉口;0;2
94;2;20240603070236;430106000000020168;岳麓大道与麓谷大道交叉口;0;3
94;2;20240603070531;430106000000020060;尖山路与旺龙路交叉口;2;1
95;2;20240603070005;430106000000010513;青山路与旺龙路西交叉口;1;1
95;2;20240603070245;430106000000012397;旺龙路与岳麓大道桥下路口;3;4
96;52;20240603070239;430106000000020168;岳麓大道与麓谷大道交叉口;0;3
96;52;20240603070835;430106000000020060;尖山路与旺龙路交叉口;2;1
97;52;20240603070709;430106000000012457;青山路与尖山路交叉口;2;1
97;52;20240603071615;430106000000020081;望青路与青山路交叉口;2;4
97;52;20240603071947;430106000000020086;岳麓大道与麓谷大道交叉口;2;4
98;2;20240603070248;430106000000020168;岳麓大道与麓谷大道交叉口;0;3
98;2;20240603070800;430106000000020060;尖山路与旺龙路交叉口;2;1
99;52;20240603070117;430106000000010508;青山路与尖山路交叉口;3;2
99;52;20240603070255;430106000000019051;望青路与青山路交叉口;0;2
100;2;20240603070322;430106000000010506;青山路与尖山路交叉口;1;1
100;2;20240603070500;430106000000019051;望青路与青山路交叉口;0;2
100;2;20240603070703;430106000000020086;岳麓大道与麓谷大道交叉口;2;4
101;2;20240603070020;430106000000012456;青山路与尖山路交叉口;2;4
101;2;20240603070130;430106000000020068;青山路与旺龙路西交叉口;2;1
102;2;20240603070021;430106000000019055;岳麓大道与麓谷大道交叉口;3;3
102;2;20240603070721;430106000000020060;尖山路与旺龙路交叉口;2;1
103;2;20240603070000;430106000000019055;岳麓大道与麓谷大道交叉口;3;3
103;2;20240603070621;430106000000012457;青山路与尖山路交叉口;1;1
103;2;20240603070718;430106000000020067;青山路与旺龙路西交叉口;3;1
104;52;20240603070023;430106000000010504;青山路与尖山路交叉口;2;4
104;52;20240603070348;430106000000012398;旺龙路与岳麓大道桥下路口;3;1
104;52;20240603070652;430106000000020069;青山路与旺龙路西交叉口;1;3
105;52;20240603070023;430106000000010504;青山路与尖山路交叉口;1;4
105;52;20240603070816;430106000000020061;尖山路与旺龙路交叉口;3;3
105;52;20240603071418;430106000000020081;望青路与青山路交叉口;2;4
105;52;20240603071722;430106000000020086;岳麓大道与麓谷大道交叉口;2;4
106;2;20240603070146;430106000000020060;尖山路与旺龙路交叉口;2;1
106;2;20240603071153;430106000000020085;岳麓大道与麓谷大道交叉口;2;2
107;2;20240603070238;430106000000019051;望青路与青山路交叉口;0;2
107;2;20240603070442;430106000000020086;岳麓大道与麓谷大道交叉口;1;4
108;2;20240603070029;430106000000020086;岳麓大道与麓谷大道交叉口;1;4
108;2;20240603071844;430106000000019049;望青路与青山路交叉口;2;3
108;2;20240603072004;430106000000020060;尖山路与旺龙路交叉口;2;1
109;52;20240603070111;430106000000010508;青山路与尖山路交叉口;3;2
109;52;20240603070255;430106000000019051;望青路与青山路交叉口;3;2
109;52;20240603071246;430106000000019056;岳麓大道与麓谷大道交叉口;1;1
110;2;20240603070032;430106000000010506;青山路与尖山路交叉口;2;1
110;2;20240603070143;430106000000020067;青山路与旺龙路西交叉口;3;1
111;52;20240603070026;430106000000010506;青山路与尖山路交叉口;2;1
111;52;20240603070124;430106000000020067;青山路与旺龙路西交叉口;3;1
112;2;20240603070013;430106000000020081;望青路与青山路交叉口;1;4
112;2;20240603070104;430106000000020086;岳麓大道与麓谷大道交叉口;2;4
113;2;20240603070003;430106000000020081;望青路与青山路交叉口;1;4
113;2;20240603070054;430106000000020086;岳麓大道与麓谷大道交叉口;2;4
114;2;20240603070016;430106000000020081;望青路与青山路交叉口;2;4
114;2;20240603070058;430106000000020086;岳麓大道与麓谷大道交叉口;2;4
115;2;20240603070011;430106000000020081;望青路与青山路交叉口;1;4
115;2;20240603070052;430106000000020086;岳麓大道与麓谷大道交叉口;1;4
116;2;20240603070015;430106000000020081;望青路与青山路交叉口;1;4
116;2;20240603070103;430106000000020086;岳麓大道与麓谷大道交叉口;2;4
117;2;20240603070106;430106000000019055;岳麓大道与麓谷大道交叉口;3;3
117;2;20240603070809;430106000000020060;尖山路与旺龙路交叉口;2;1
118;2;20240603070018;430106000000020081;望青路与青山路交叉口;1;4
118;2;20240603070105;430106000000020086;岳麓大道与麓谷大道交叉口;2;4
119;2;20240603070025;430106000000020081;望青路与青山路交叉口;2;4
119;2;20240603070226;430106000000020086;岳麓大道与麓谷大道交叉口;2;4
120;52;20240603070044;430106000000020081;望青路与青山路交叉口;1;4
120;52;20240603070216;430106000000020086;岳麓大道与麓谷大道交叉口;2;4
121;2;20240603070205;430106000000010504;青山路与尖山路交叉口;2;4
121;2;20240603070411;430106000000010551;旺龙路与岳麓大道桥下路口;3;1
122;2;20240603070122;430106000000020081;望青路与青山路交叉口;1;4
122;2;20240603070241;430106000000020086;岳麓大道与麓谷大道交叉口;2;4
123;2;20240603070053;430106000000020081;望青路与青山路交叉口;1;4
123;2;20240603070218;430106000000020086;岳麓大道与麓谷大道交叉口;2;4
123;2;20240603071318;430106000000020060;尖山路与旺龙路交叉口;2;1
124;2;20240603070114;430106000000020081;望青路与青山路交叉口;2;4
124;2;20240603070228;430106000000020086;岳麓大道与麓谷大道交叉口;1;4
125;2;20240603070058;430106000000020081;望青路与青山路交叉口;1;4
125;2;20240603070220;430106000000020086;岳麓大道与麓谷大道交叉口;2;4
126;2;20240603070148;430106000000020081;望青路与青山路交叉口;1;4
126;2;20240603070252;430106000000020086;岳麓大道与麓谷大道交叉口;2;4
127;2;20240603070204;430106000000010504;青山路与尖山路交叉口;3;4
127;2;20240603070352;430106000000010550;旺龙路与岳麓大道桥下路口;1;1
128;52;20240603070116;430106000000020081;望青路与青山路交叉口;1;4
128;52;20240603070228;430106000000020086;岳麓大道与麓谷大道交叉口;2;4
129;2;20240603070119;430106000000020081;望青路与青山路交叉口;2;4
129;2;20240603070231;430106000000020086;岳麓大道与麓谷大道交叉口;1;4
130;2;20240603071556;430106000000020065;青山路与旺龙路西交叉口;3;4
130;2;20240603071819;430106000000012397;旺龙路与岳麓大道桥下路口;3;4
131;2;20240603070129;430106000000020081;望青路与青山路交叉口;2;4
131;2;20240603070236;430106000000020086;岳麓大道与麓谷大道交叉口;1;4
132;2;20240603070108;430106000000020081;望青路与青山路交叉口;1;4
132;2;20240603070224;430106000000020086;岳麓大道与麓谷大道交叉口;2;4
133;2;20240603070049;430106000000019049;望青路与青山路交叉口;2;3
133;2;20240603070349;430106000000020060;尖山路与旺龙路交叉口;2;1
133;2;20240603071310;430106000000020085;岳麓大道与麓谷大道交叉口;2;2
134;2;20240603070120;430106000000020066;青山路与旺龙路西交叉口;2;4
134;2;20240603070821;430106000000012397;旺龙路与岳麓大道桥下路口;3;4
134;2;20240603071543;430106000000020063;尖山路与旺龙路交叉口;3;2
135;2;20240603070121;430106000000010512;青山路与旺龙路西交叉口;2;4
135;2;20240603070322;430106000000012397;旺龙路与岳麓大道桥下路口;3;4
136;2;20240603070216;430106000000010504;青山路与尖山路交叉口;2;4
136;2;20240603070532;430106000000010550;旺龙路与岳麓大道桥下路口;1;1
137;2;20240603070126;430106000000020065;青山路与旺龙路西交叉口;3;4
137;2;20240603070327;430106000000010549;旺龙路与岳麓大道桥下路口;2;4
138;1;20240603070157;430106000000020070;青山路与旺龙路西交叉口;3;3
138;1;20240603070640;430106000000020063;尖山路与旺龙路交叉口;3;2
139;2;20240603070540;430106000000020070;青山路与旺龙路西交叉口;3;3
139;2;20240603070702;430106000000010508;青山路与尖山路交叉口;3;2
140;2;20240603070011;430106000000012457;青山路与尖山路交叉口;1;1
140;2;20240603070121;430106000000020067;青山路与旺龙路西交叉口;3;1
140;2;20240603071522;430106000000019051;望青路与青山路交叉口;3;2
141;52;20240603070551;430106000000012456;青山路与尖山路交叉口;3;4
141;52;20240603070918;430106000000010550;旺龙路与岳麓大道桥下路口;2;1
142;51;20240603070510;430106000000010504;青山路与尖山路交叉口;3;4
142;51;20240603070827;430106000000012398;旺龙路与岳麓大道桥下路口;3;1
142;51;20240603071000;430106000000020070;青山路与旺龙路西交叉口;3;3
142;51;20240603071511;430106000000020062;尖山路与旺龙路交叉口;2;3
143;51;20240603070259;430106000000020168;岳麓大道与麓谷大道交叉口;1;3
143;51;20240603070651;430106000000010506;青山路与尖山路交叉口;3;1
143;51;20240603071041;430106000000020068;青山路与旺龙路西交叉口;1;1
143;51;20240603071554;430106000000020063;尖山路与旺龙路交叉口;3;2
144;52;20240603070140;430106000000020069;青山路与旺龙路西交叉口;2;3
144;52;20240603070838;430106000000020063;尖山路与旺龙路交叉口;3;2
144;52;20240603071616;430106000000020081;望青路与青山路交叉口;1;4
144;52;20240603071941;430106000000020086;岳麓大道与麓谷大道交叉口;2;4
145;2;20240603070207;430106000000019055;岳麓大道与麓谷大道交叉口;3;3
145;2;20240603070819;430106000000020060;尖山路与旺龙路交叉口;2;1
146;2;20240603070001;430106000000020168;岳麓大道与麓谷大道交叉口;3;3
146;2;20240603070831;430106000000020060;尖山路与旺龙路交叉口;2;1
147;2;20240603070005;430106000000010506;青山路与尖山路交叉口;1;1
147;2;20240603070237;430106000000010550;旺龙路与岳麓大道桥下路口;2;1
148;2;20240603070015;430106000000012457;青山路与尖山路交叉口;1;1
148;2;20240603070122;430106000000020068;青山路与旺龙路西交叉口;2;1
149;2;20240603070018;430106000000020168;岳麓大道与麓谷大道交叉口;3;3
149;2;20240603070946;430106000000020060;尖山路与旺龙路交叉口;2;1
150;2;20240603070035;430106000000020168;岳麓大道与麓谷大道交叉口;3;3
150;2;20240603070817;430106000000020060;尖山路与旺龙路交叉口;2;1
151;52;20240603070040;430106000000020168;岳麓大道与麓谷大道交叉口;3;3
151;52;20240603070939;430106000000020060;尖山路与旺龙路交叉口;2;1
152;52;20240603070042;430106000000012458;青山路与尖山路交叉口;1;3
152;52;20240603070639;430106000000019051;望青路与青山路交叉口;0;2
152;52;20240603070736;430106000000020086;岳麓大道与麓谷大道交叉口;1;4
153;2;20240603070042;430106000000010506;青山路与尖山路交叉口;1;1
153;2;20240603070219;430106000000019051;望青路与青山路交叉口;0;2
153;2;20240603070438;430106000000020086;岳麓大道与麓谷大道交叉口;2;4
154;2;20240603070043;430106000000020168;岳麓大道与麓谷大道交叉口;3;3
154;2;20240603070718;430106000000019049;望青路与青山路交叉口;2;3
154;2;20240603070943;430106000000020060;尖山路与旺龙路交叉口;2;1
155;2;20240603070044;430106000000020168;岳麓大道与麓谷大道交叉口;1;3
155;2;20240603070807;430106000000010507;青山路与尖山路交叉口;3;3
156;2;20240603070051;430106000000020168;岳麓大道与麓谷大道交叉口;3;3
156;2;20240603070735;430106000000019049;望青路与青山路交叉口;2;3
156;2;20240603071037;430106000000020060;尖山路与旺龙路交叉口;2;1
157;2;20240603070115;430106000000019057;岳麓大道与麓谷大道交叉口;3;1
157;2;20240603070301;430106000000020060;尖山路与旺龙路交叉口;2;1
158;2;20240603070116;430106000000010508;青山路与尖山路交叉口;2;2
158;2;20240603070232;430106000000019051;望青路与青山路交叉口;0;2
158;2;20240603070441;430106000000020086;岳麓大道与麓谷大道交叉口;2;4
159;2;20240603070131;430106000000010550;旺龙路与岳麓大道桥下路口;2;1
159;2;20240603071214;430106000000020085;岳麓大道与麓谷大道交叉口;2;2
160;2;20240603070134;430106000000012398;旺龙路与岳麓大道桥下路口;3;1
160;2;20240603070229;430106000000020069;青山路与旺龙路西交叉口;1;3
161;2;20240603070141;430106000000019057;岳麓大道与麓谷大道交叉口;3;1
161;2;20240603070339;430106000000012457;青山路与尖山路交叉口;1;1
161;2;20240603070439;430106000000020068;青山路与旺龙路西交叉口;2;1
162;51;20240603070149;430106000000019051;望青路与青山路交叉口;0;2
162;51;20240603070232;430106000000020086;岳麓大道与麓谷大道交叉口;2;4
163;2;20240603070157;430106000000010504;青山路与尖山路交叉口;2;4
163;2;20240603070428;430106000000010550;旺龙路与岳麓大道桥下路口;1;1
164;2;20240603070158;430106000000019051;望青路与青山路交叉口;0;2
164;2;20240603070234;430106000000020086;岳麓大道与麓谷大道交叉口;1;4
165;2;20240603070203;430106000000019051;望青路与青山路交叉口;0;2
165;2;20240603070238;430106000000020086;岳麓大道与麓谷大道交叉口;1;4
166;2;20240603070203;430106000000019055;岳麓大道与麓谷大道交叉口;3;3
166;2;20240603070824;430106000000020060;尖山路与旺龙路交叉口;2;1
167;2;20240603070204;430106000000020168;岳麓大道与麓谷大道交叉口;3;3
167;2;20240603071039;430106000000020060;尖山路与旺龙路交叉口;2;1
168;2;20240603070207;430106000000010504;青山路与尖山路交叉口;2;4
168;2;20240603070411;430106000000010550;旺龙路与岳麓大道桥下路口;1;1
168;2;20240603071408;430106000000020069;青山路与旺龙路西交叉口;2;3
169;52;20240603070208;430106000000019051;望青路与青山路交叉口;0;2
169;52;20240603070242;430106000000020086;岳麓大道与麓谷大道交叉口;2;4
170;2;20240603070209;430106000000019051;望青路与青山路交叉口;0;2
170;2;20240603070248;430106000000020086;岳麓大道与麓谷大道交叉口;1;4
171;2;20240603070212;430106000000019051;望青路与青山路交叉口;0;2
171;2;20240603070249;430106000000020086;岳麓大道与麓谷大道交叉口;2;4
172;2;20240603070213;430106000000012399;旺龙路与岳麓大道桥下路口;2;3
172;2;20240603070408;430106000000020069;青山路与旺龙路西交叉口;2;3
172;2;20240603070643;430106000000020063;尖山路与旺龙路交叉口;3;2
173;2;20240603070216;430106000000012399;旺龙路与岳麓大道桥下路口;2;3
173;2;20240603070625;430106000000020069;青山路与旺龙路西交叉口;1;3
174;52;20240603070216;430106000000019055;岳麓大道与麓谷大道交叉口;3;3
174;52;20240603070827;430106000000020060;尖山路与旺龙路交叉口;2;1
175;2;20240603070222;430106000000012457;青山路与尖山路交叉口;1;1
175;2;20240603070404;430106000000020067;青山路与旺龙路西交叉口;3;1
176;51;20240603070223;430106000000012399;旺龙路与岳麓大道桥下路口;2;3
176;51;20240603070439;430106000000020069;青山路与旺龙路西交叉口;1;3
177;2;20240603070231;430106000000012398;旺龙路与岳麓大道桥下路口;3;1
177;2;20240603070414;430106000000020070;青山路与旺龙路西交叉口;3;3
178;2;20240603070238;430106000000020168;岳麓大道与麓谷大道交叉口;3;3
178;2;20240603071119;430106000000010506;青山路与尖山路交叉口;1;1
179;2;20240603070245;430106000000010507;青山路与尖山路交叉口;1;3
179;2;20240603070407;430106000000020067;青山路与旺龙路西交叉口;3;1
180;2;20240603070259;430106000000019056;岳麓大道与麓谷大道交叉口;3;1
180;2;20240603070633;430106000000010550;旺龙路与岳麓大道桥下路口;2;1
181;52;20240603070312;430106000000020168;岳麓大道与麓谷大道交叉口;3;3
181;52;20240603071041;430106000000020060;尖山路与旺龙路交叉口;2;1
181;52;20240603071921;430106000000020066;青山路与旺龙路西交叉口;2;4
182;2;20240603070314;430106000000012457;青山路与尖山路交叉口;1;1
182;2;20240603070415;430106000000020068;青山路与旺龙路西交叉口;2;1
183;52;20240603070316;430106000000020168;岳麓大道与麓谷大道交叉口;2;3
183;52;20240603071326;430106000000010550;旺龙路与岳麓大道桥下路口;1;1
184;52;20240603070320;430106000000012457;青山路与尖山路交叉口;1;1
184;52;20240603070409;430106000000020067;青山路与旺龙路西交叉口;3;1
185;2;20240603070323;430106000000020168;岳麓大道与麓谷大道交叉口;1;3
185;2;20240603071112;430106000000010550;旺龙路与岳麓大道桥下路口;1;1
186;2;20240603070327;430106000000010507;青山路与尖山路交叉口;3;3
186;2;20240603071508;430106000000020085;岳麓大道与麓谷大道交叉口;2;2
187;2;20240603070329;430106000000020168;岳麓大道与麓谷大道交叉口;1;3
187;2;20240603071050;430106000000010507;青山路与尖山路交叉口;1;3
187;2;20240603071154;430106000000020068;青山路与旺龙路西交叉口;1;1
188;2;20240603070333;430106000000020168;岳麓大道与麓谷大道交叉口;1;3
188;2;20240603071315;430106000000010550;旺龙路与岳麓大道桥下路口;1;1
189;2;20240603070345;430106000000020168;岳麓大道与麓谷大道交叉口;2;3
189;2;20240603071246;430106000000020060;尖山路与旺龙路交叉口;2;1
190;51;20240603070350;430106000000019055;岳麓大道与麓谷大道交叉口;3;3
190;51;20240603071139;430106000000012457;青山路与尖山路交叉口;1;1
190;51;20240603071327;430106000000020068;青山路与旺龙路西交叉口;2;1
191;2;20240603070350;430106000000020065;青山路与旺龙路西交叉口;3;4
191;2;20240603070516;430106000000012397;旺龙路与岳麓大道桥下路口;3;4
192;52;20240603070351;430106000000010549;旺龙路与岳麓大道桥下路口;1;4
192;52;20240603070906;430106000000010552;岳麓大道与麓谷大道交叉口;2;2
193;2;20240603070355;430106000000020061;尖山路与旺龙路交叉口;3;3
193;2;20240603070457;430106000000010504;青山路与尖山路交叉口;2;4
194;52;20240603070355;430106000000020168;岳麓大道与麓谷大道交叉口;3;3
194;52;20240603071846;430106000000020081;望青路与青山路交叉口;2;4
195;2;20240603070400;430106000000010506;青山路与尖山路交叉口;1;1
195;2;20240603070636;430106000000010550;旺龙路与岳麓大道桥下路口;2;1
195;2;20240603070913;430106000000020070;青山路与旺龙路西交叉口;3;3
196;2;20240603070400;430106000000012457;青山路与尖山路交叉口;1;1
196;2;20240603070710;430106000000020067;青山路与旺龙路西交叉口;3;1
197;2;20240603070402;430106000000020061;尖山路与旺龙路交叉口;3;3
197;2;20240603070626;430106000000020066;青山路与旺龙路西交叉口;2;4
198;52;20240603070405;430106000000010508;青山路与尖山路交叉口;1;2
198;52;20240603070601;430106000000020061;尖山路与旺龙路交叉口;3;3
198;52;20240603071019;430106000000020066;青山路与旺龙路西交叉口;2;4
199;52;20240603070408;430106000000019049;望青路与青山路交叉口;2;3
199;52;20240603071447;430106000000020086;岳麓大道与麓谷大道交叉口;2;4
200;2;20240603070411;430106000000020061;尖山路与旺龙路交叉口;3;3
200;2;20240603070509;430106000000010504;青山路与尖山路交叉口;2;4
201;52;20240603070412;430106000000010506;青山路与尖山路交叉口;2;1
201;52;20240603070659;430106000000020067;青山路与旺龙路西交叉口;3;1
202;52;20240603070412;430106000000019057;岳麓大道与麓谷大道交叉口;3;1
202;52;20240603070743;430106000000020060;尖山路与旺龙路交叉口;2;1
203;2;20240603070426;430106000000020081;望青路与青山路交叉口;1;4
203;2;20240603070712;430106000000020086;岳麓大道与麓谷大道交叉口;2;4
204;2;20240603070430;430106000000019058;岳麓大道与麓谷大道交叉口;1;2
204;2;20240603070955;430106000000020060;尖山路与旺龙路交叉口;2;1
205;2;20240603070438;430106000000010550;旺龙路与岳麓大道桥下路口;2;1
205;2;20240603071608;430106000000020085;岳麓大道与麓谷大道交叉口;2;2
206;2;20240603070447;430106000000012399;旺龙路与岳麓大道桥下路口;2;3
206;2;20240603070644;430106000000020070;青山路与旺龙路西交叉口;3;3
207;2;20240603070450;430106000000012399;旺龙路与岳麓大道桥下路口;2;3
207;2;20240603070644;430106000000020070;青山路与旺龙路西交叉口;3;3
208;1;20240603070451;430106000000019055;岳麓大道与麓谷大道交叉口;3;3
208;7;20240603071725;430106000000019040;望青路与青山路交叉口;1;4
209;2;20240603070452;430106000000020081;望青路与青山路交叉口;2;4
209;2;20240603070726;430106000000020086;岳麓大道与麓谷大道交叉口;2;4
210;2;20240603070453;430106000000019051;望青路与青山路交叉口;0;2
210;2;20240603070540;430106000000020086;岳麓大道与麓谷大道交叉口;1;4
211;2;20240603070456;430106000000019051;望青路与青山路交叉口;0;2
211;2;20240603070545;430106000000020086;岳麓大道与麓谷大道交叉口;1;4
211;2;20240603072021;430106000000020060;尖山路与旺龙路交叉口;2;1
212;2;20240603070457;430106000000020168;岳麓大道与麓谷大道交叉口;2;3
212;2;20240603071400;430106000000010551;旺龙路与岳麓大道桥下路口;3;1
213;2;20240603070507;430106000000012399;旺龙路与岳麓大道桥下路口;1;3
213;2;20240603070645;430106000000020070;青山路与旺龙路西交叉口;3;3
214;2;20240603070514;430106000000020168;岳麓大道与麓谷大道交叉口;3;3
214;2;20240603071440;430106000000020060;尖山路与旺龙路交叉口;2;1
215;2;20240603070522;430106000000012398;旺龙路与岳麓大道桥下路口;3;1
215;2;20240603071806;430106000000020070;青山路与旺龙路西交叉口;3;3
216;52;20240603070526;430106000000010507;青山路与尖山路交叉口;3;3
216;52;20240603070954;430106000000020062;尖山路与旺龙路交叉口;2;3
216;52;20240603071148;430106000000020081;望青路与青山路交叉口;2;4
216;52;20240603071447;430106000000020086;岳麓大道与麓谷大道交叉口;1;4
217;2;20240603070526;430106000000010507;青山路与尖山路交叉口;2;3
217;2;20240603070629;430106000000020061;尖山路与旺龙路交叉口;3;3
218;2;20240603070535;430106000000010507;青山路与尖山路交叉口;2;3
218;2;20240603070614;430106000000020061;尖山路与旺龙路交叉口;3;3
219;2;20240603070538;430106000000010507;青山路与尖山路交叉口;1;3
219;2;20240603070647;430106000000020068;青山路与旺龙路西交叉口;1;1
220;52;20240603070539;430106000000020168;岳麓大道与麓谷大道交叉口;3;3
220;52;20240603071504;430106000000020060;尖山路与旺龙路交叉口;2;1
221;2;20240603070543;430106000000010550;旺龙路与岳麓大道桥下路口;1;1
221;2;20240603070835;430106000000010552;岳麓大道与麓谷大道交叉口;1;2
222;2;20240603070545;430106000000020168;岳麓大道与麓谷大道交叉口;1;3
222;2;20240603071404;430106000000010550;旺龙路与岳麓大道桥下路口;2;1
223;2;20240603070548;430106000000010507;青山路与尖山路交叉口;1;3
223;2;20240603070714;430106000000020067;青山路与旺龙路西交叉口;3;1
224;2;20240603070549;430106000000019056;岳麓大道与麓谷大道交叉口;3;1
224;2;20240603070803;430106000000010507;青山路与尖山路交叉口;3;3
224;2;20240603071220;430106000000020067;青山路与旺龙路西交叉口;3;1
225;2;20240603070551;430106000000019057;岳麓大道与麓谷大道交叉口;3;1
225;2;20240603070812;430106000000020060;尖山路与旺龙路交叉口;2;1
226;2;20240603070608;430106000000020062;尖山路与旺龙路交叉口;2;3
226;2;20240603070741;430106000000020081;望青路与青山路交叉口;2;4
226;2;20240603071001;430106000000020086;岳麓大道与麓谷大道交叉口;1;4
227;2;20240603070609;430106000000020065;青山路与旺龙路西交叉口;3;4
227;2;20240603070837;430106000000012397;旺龙路与岳麓大道桥下路口;3;4
228;2;20240603070612;430106000000012457;青山路与尖山路交叉口;1;1
228;2;20240603070714;430106000000020068;青山路与旺龙路西交叉口;2;1
229;2;20240603070612;430106000000020065;青山路与旺龙路西交叉口;3;4
229;2;20240603070832;430106000000012397;旺龙路与岳麓大道桥下路口;3;4
230;51;20240603070613;430106000000020168;岳麓大道与麓谷大道交叉口;3;3
230;51;20240603071618;430106000000010506;青山路与尖山路交叉口;3;1
230;51;20240603071812;430106000000020068;青山路与旺龙路西交叉口;1;1
231;2;20240603070615;430106000000010506;青山路与尖山路交叉口;2;1
231;2;20240603070725;430106000000020067;青山路与旺龙路西交叉口;3;1
232;2;20240603070618;430106000000020065;青山路与旺龙路西交叉口;3;4
232;2;20240603070757;430106000000012397;旺龙路与岳麓大道桥下路口;3;4
233;2;20240603070619;430106000000010506;青山路与尖山路交叉口;2;1
233;2;20240603070753;430106000000020067;青山路与旺龙路西交叉口;3;1
234;52;20240603070620;430106000000019057;岳麓大道与麓谷大道交叉口;3;1
234;52;20240603071004;430106000000020060;尖山路与旺龙路交叉口;2;1
235;2;20240603070620;430106000000019051;望青路与青山路交叉口;0;2
235;2;20240603070718;430106000000020086;岳麓大道与麓谷大道交叉口;1;4
236;52;20240603070624;430106000000010504;青山路与尖山路交叉口;1;4
236;52;20240603070952;430106000000020086;岳麓大道与麓谷大道交叉口;2;4
237;2;20240603070624;430106000000012398;旺龙路与岳麓大道桥下路口;3;1
237;2;20240603070724;430106000000020069;青山路与旺龙路西交叉口;1;3
238;2;20240603070627;430106000000012456;青山路与尖山路交叉口;2;4
238;2;20240603070750;430106000000020067;青山路与旺龙路西交叉口;3;1
239;2;20240603070630;430106000000012457;青山路与尖山路交叉口;1;1
239;2;20240603070728;430106000000020068;青山路与旺龙路西交叉口;2;1
240;2;20240603070637;430106000000012457;青山路与尖山路交叉口;1;1
240;2;20240603070738;430106000000020068;青山路与旺龙路西交叉口;2;1
241;52;20240603070643;430106000000019058;岳麓大道与麓谷大道交叉口;2;2
241;52;20240603071009;430106000000020060;尖山路与旺龙路交叉口;2;1
242;2;20240603070648;430106000000019051;望青路与青山路交叉口;0;2
242;2;20240603070752;430106000000020086;岳麓大道与麓谷大道交叉口;2;4
243;2;20240603070649;430106000000019057;岳麓大道与麓谷大道交叉口;3;1
243;2;20240603071051;430106000000020060;尖山路与旺龙路交叉口;2;1
244;2;20240603070653;430106000000019051;望青路与青山路交叉口;0;2
244;2;20240603070739;430106000000020086;岳麓大道与麓谷大道交叉口;2;4
245;2;20240603070657;430106000000010506;青山路与尖山路交叉口;2;1
245;2;20240603070928;430106000000020068;青山路与旺龙路西交叉口;2;1
246;51;20240603070712;430106000000012399;旺龙路与岳麓大道桥下路口;2;3
246;51;20240603070917;430106000000020070;青山路与旺龙路西交叉口;3;3
246;51;20240603071544;430106000000019051;望青路与青山路交叉口;0;2
246;51;20240603071737;430106000000020086;岳麓大道与麓谷大道交叉口;2;4
247;2;20240603070714;430106000000010507;青山路与尖山路交叉口;2;3
247;2;20240603071211;430106000000020067;青山路与旺龙路西交叉口;3;1
248;2;20240603070714;430106000000019055;岳麓大道与麓谷大道交叉口;3;3
248;2;20240603071422;430106000000020081;望青路与青山路交叉口;1;4
248;2;20240603071610;430106000000010506;青山路与尖山路交叉口;2;1
248;2;20240603071703;430106000000020067;青山路与旺龙路西交叉口;3;1
249;51;20240603070722;430106000000012399;旺龙路与岳麓大道桥下路口;2;3
249;51;20240603070937;430106000000020070;青山路与旺龙路西交叉口;3;3
249;51;20240603071254;430106000000010508;青山路与尖山路交叉口;1;2
249;51;20240603071730;430106000000020062;尖山路与旺龙路交叉口;3;3
250;52;20240603070724;430106000000012399;旺龙路与岳麓大道桥下路口;1;3
250;52;20240603070906;430106000000020070;青山路与旺龙路西交叉口;3;3
250;52;20240603071319;430106000000020063;尖山路与旺龙路交叉口;3;2
251;52;20240603070728;430106000000020168;岳麓大道与麓谷大道交叉口;2;3
251;52;20240603071539;430106000000012398;旺龙路与岳麓大道桥下路口;3;1
252;52;20240603070731;430106000000020168;岳麓大道与麓谷大道交叉口;3;3
252;52;20240603071711;430106000000020081;望青路与青山路交叉口;2;4
253;2;20240603070731;430106000000019051;望青路与青山路交叉口;0;2
253;2;20240603070937;430106000000020086;岳麓大道与麓谷大道交叉口;2;4
254;52;20240603070733;430106000000019051;望青路与青山路交叉口;0;2
254;52;20240603070939;430106000000020086;岳麓大道与麓谷大道交叉口;1;4
255;2;20240603070741;430106000000020168;岳麓大道与麓谷大道交叉口;3;3
255;2;20240603071714;430106000000020060;尖山路与旺龙路交叉口;2;1
256;2;20240603070743;430106000000019051;望青路与青山路交叉口;0;2
256;2;20240603070942;430106000000020086;岳麓大道与麓谷大道交叉口;1;4
257;2;20240603070745;430106000000019051;望青路与青山路交叉口;0;2
257;2;20240603070944;430106000000020086;岳麓大道与麓谷大道交叉口;1;4
258;2;20240603070745;430106000000020168;岳麓大道与麓谷大道交叉口;3;3
258;2;20240603071703;430106000000020060;尖山路与旺龙路交叉口;2;1
259;52;20240603070749;430106000000020168;岳麓大道与麓谷大道交叉口;3;3
259;52;20240603071429;430106000000019049;望青路与青山路交叉口;2;3
259;52;20240603071653;430106000000020060;尖山路与旺龙路交叉口;2;1
260;2;20240603070758;430106000000012457;青山路与尖山路交叉口;2;1
260;2;20240603071030;430106000000020061;尖山路与旺龙路交叉口;3;3
260;2;20240603071917;430106000000020065;青山路与旺龙路西交叉口;3;4
260;2;20240603072058;430106000000012397;旺龙路与岳麓大道桥下路口;3;4
261;2;20240603070806;430106000000010507;青山路与尖山路交叉口;2;3
261;2;20240603071024;430106000000020061;尖山路与旺龙路交叉口;3;3
262;2;20240603070808;430106000000012457;青山路与尖山路交叉口;2;1
262;2;20240603070913;430106000000020061;尖山路与旺龙路交叉口;3;3
263;52;20240603070810;430106000000020168;岳麓大道与麓谷大道交叉口;2;3
263;52;20240603071917;430106000000010551;旺龙路与岳麓大道桥下路口;3;1
264;2;20240603070812;430106000000012398;旺龙路与岳麓大道桥下路口;3;1
264;2;20240603070914;430106000000020069;青山路与旺龙路西交叉口;2;3
265;52;20240603070812;430106000000020168;岳麓大道与麓谷大道交叉口;3;3
265;52;20240603071614;430106000000010506;青山路与尖山路交叉口;3;1
265;52;20240603071754;430106000000020067;青山路与旺龙路西交叉口;3;1
266;52;20240603070813;430106000000019057;岳麓大道与麓谷大道交叉口;3;1
266;52;20240603071030;430106000000020060;尖山路与旺龙路交叉口;2;1
267;2;20240603070815;430106000000012457;青山路与尖山路交叉口;2;1
267;2;20240603071032;430106000000020061;尖山路与旺龙路交叉口;3;3
268;52;20240603070817;430106000000020168;岳麓大道与麓谷大道交叉口;1;3
268;52;20240603071551;430106000000010507;青山路与尖山路交叉口;1;3
268;52;20240603071647;430106000000020067;青山路与旺龙路西交叉口;3;1
269;52;20240603070818;430106000000010507;青山路与尖山路交叉口;1;3
269;52;20240603070921;430106000000020068;青山路与旺龙路西交叉口;1;1
269;52;20240603072015;430106000000012397;旺龙路与岳麓大道桥下路口;3;4
270;52;20240603070818;430106000000020168;岳麓大道与麓谷大道交叉口;2;3
270;52;20240603071541;430106000000010507;青山路与尖山路交叉口;3;3
270;52;20240603072009;430106000000020067;青山路与旺龙路西交叉口;3;1
271;2;20240603070826;430106000000020168;岳麓大道与麓谷大道交叉口;2;3
271;2;20240603071631;430106000000010550;旺龙路与岳麓大道桥下路口;2;1
272;2;20240603070826;430106000000010507;青山路与尖山路交叉口;2;3
272;2;20240603071959;430106000000020085;岳麓大道与麓谷大道交叉口;2;2
273;2;20240603070826;430106000000020168;岳麓大道与麓谷大道交叉口;1;3
273;2;20240603071637;430106000000010550;旺龙路与岳麓大道桥下路口;2;1
274;2;20240603070830;430106000000020168;岳麓大道与麓谷大道交叉口;3;3
274;2;20240603071719;430106000000020060;尖山路与旺龙路交叉口;2;1
275;2;20240603070837;430106000000020168;岳麓大道与麓谷大道交叉口;3;3
275;2;20240603071746;430106000000020060;尖山路与旺龙路交叉口;2;1
276;2;20240603070840;430106000000020168;岳麓大道与麓谷大道交叉口;3;3
276;2;20240603071845;430106000000012457;青山路与尖山路交叉口;1;1
277;2;20240603070840;430106000000020168;岳麓大道与麓谷大道交叉口;2;3
277;2;20240603071800;430106000000020060;尖山路与旺龙路交叉口;2;1
278;2;20240603070842;430106000000012457;青山路与尖山路交叉口;1;1
278;2;20240603070941;430106000000020067;青山路与旺龙路西交叉口;3;1
279;2;20240603070846;430106000000010506;青山路与尖山路交叉口;3;1
279;2;20240603070947;430106000000020068;青山路与旺龙路西交叉口;2;1
280;2;20240603070847;430106000000010506;青山路与尖山路交叉口;2;1
280;2;20240603070950;430106000000020068;青山路与旺龙路西交叉口;2;1
281;7;20240603070848;430106000000019051;望青路与青山路交叉口;0;2
281;1;20240603071222;430106000000020086;岳麓大道与麓谷大道交叉口;1;4
282;2;20240603070849;430106000000012457;青山路与尖山路交叉口;1;1
282;2;20240603070956;430106000000020067;青山路与旺龙路西交叉口;3;1
283;2;20240603070850;430106000000012457;青山路与尖山路交叉口;1;1
283;2;20240603071004;430106000000020067;青山路与旺龙路西交叉口;3;1
284;2;20240603070853;430106000000012456;青山路与尖山路交叉口;2;4
284;2;20240603070952;430106000000020067;青山路与旺龙路西交叉口;3;1
285;2;20240603070853;430106000000010506;青山路与尖山路交叉口;2;1
285;2;20240603070957;430106000000020068;青山路与旺龙路西交叉口;2;1
286;2;20240603070855;430106000000010506;青山路与尖山路交叉口;3;1
286;2;20240603071009;430106000000020068;青山路与旺龙路西交叉口;2;1
287;2;20240603070856;430106000000010506;青山路与尖山路交叉口;2;1
287;2;20240603071020;430106000000020067;青山路与旺龙路西交叉口;3;1
288;2;20240603070900;430106000000019051;望青路与青山路交叉口;0;2
288;2;20240603071010;430106000000020086;岳麓大道与麓谷大道交叉口;2;4
289;51;20240603070901;430106000000020081;望青路与青山路交叉口;1;4
289;51;20240603071008;430106000000020086;岳麓大道与麓谷大道交叉口;1;4
290;2;20240603070901;430106000000012457;青山路与尖山路交叉口;1;1
290;2;20240603071020;430106000000020068;青山路与旺龙路西交叉口;2;1
291;2;20240603070921;430106000000019057;岳麓大道与麓谷大道交叉口;3;1
291;2;20240603071207;430106000000020060;尖山路与旺龙路交叉口;2;1
292;52;20240603070926;430106000000010508;青山路与尖山路交叉口;1;2
292;52;20240603071150;430106000000020067;青山路与旺龙路西交叉口;3;1
293;2;20240603070943;430106000000012399;旺龙路与岳麓大道桥下路口;2;3
293;2;20240603071140;430106000000020070;青山路与旺龙路西交叉口;3;3
293;2;20240603071538;430106000000020063;尖山路与旺龙路交叉口;3;2
294;2;20240603070948;430106000000019057;岳麓大道与麓谷大道交叉口;3;1
294;2;20240603071231;430106000000020060;尖山路与旺龙路交叉口;2;1
295;51;20240603070952;430106000000019055;岳麓大道与麓谷大道交叉口;3;3
295;51;20240603071641;430106000000012457;青山路与尖山路交叉口;2;1
295;51;20240603071936;430106000000020068;青山路与旺龙路西交叉口;2;1
296;2;20240603070956;430106000000010506;青山路与尖山路交叉口;2;1
296;2;20240603071158;430106000000020068;青山路与旺龙路西交叉口;2;1
297;2;20240603071001;430106000000020168;岳麓大道与麓谷大道交叉口;2;3
297;2;20240603071742;430106000000020060;尖山路与旺龙路交叉口;2;1
298;2;20240603071002;430106000000010504;青山路与尖山路交叉口;1;4
298;2;20240603071235;430106000000019051;望青路与青山路交叉口;0;2
299;2;20240603071003;430106000000020168;岳麓大道与麓谷大道交叉口;3;3
299;2;20240603071814;430106000000020060;尖山路与旺龙路交叉口;2;1
300;2;20240603071004;430106000000019051;望青路与青山路交叉口;0;2
300;2;20240603071223;430106000000020086;岳麓大道与麓谷大道交叉口;1;4
301;2;20240603071004;430106000000020168;岳麓大道与麓谷大道交叉口;2;3
301;2;20240603071811;430106000000020060;尖山路与旺龙路交叉口;2;1
302;52;20240603071006;430106000000019051;望青路与青山路交叉口;0;2
302;52;20240603071216;430106000000020086;岳麓大道与麓谷大道交叉口;1;4
303;2;20240603071007;430106000000012457;青山路与尖山路交叉口;3;1
303;2;20240603071458;430106000000020061;尖山路与旺龙路交叉口;3;3
304;2;20240603071009;430106000000020168;岳麓大道与麓谷大道交叉口;2;3
304;2;20240603071802;430106000000020060;尖山路与旺龙路交叉口;2;1
305;2;20240603071009;430106000000020168;岳麓大道与麓谷大道交叉口;3;3
305;2;20240603071956;430106000000020060;尖山路与旺龙路交叉口;2;1
306;52;20240603071012;430106000000019051;望青路与青山路交叉口;0;2
306;52;20240603071214;430106000000020086;岳麓大道与麓谷大道交叉口;2;4
307;2;20240603071014;430106000000020168;岳麓大道与麓谷大道交叉口;3;3
307;2;20240603071809;430106000000020060;尖山路与旺龙路交叉口;2;1
308;2;20240603071017;430106000000012398;旺龙路与岳麓大道桥下路口;3;1
308;2;20240603071154;430106000000020069;青山路与旺龙路西交叉口;1;3
309;2;20240603071018;430106000000010506;青山路与尖山路交叉口;3;1
309;2;20240603071207;430106000000020067;青山路与旺龙路西交叉口;3;1
310;2;20240603071032;430106000000019058;岳麓大道与麓谷大道交叉口;1;2
310;2;20240603071223;430106000000019049;望青路与青山路交叉口;2;3
310;2;20240603071438;430106000000020060;尖山路与旺龙路交叉口;2;1
311;1;20240603071034;430106000000010507;青山路与尖山路交叉口;3;3
311;1;20240603071241;430106000000020061;尖山路与旺龙路交叉口;3;3
312;2;20240603071036;430106000000019057;岳麓大道与麓谷大道交叉口;3;1
312;2;20240603071235;430106000000020060;尖山路与旺龙路交叉口;2;1
313;2;20240603071039;430106000000019057;岳麓大道与麓谷大道交叉口;3;1
313;2;20240603071233;430106000000020060;尖山路与旺龙路交叉口;2;1
314;2;20240603071040;430106000000020168;岳麓大道与麓谷大道交叉口;2;3
314;2;20240603072000;430106000000020060;尖山路与旺龙路交叉口;2;1
315;52;20240603071043;430106000000019056;岳麓大道与麓谷大道交叉口;3;1
315;52;20240603071325;430106000000010550;旺龙路与岳麓大道桥下路口;2;1
316;2;20240603071046;430106000000020168;岳麓大道与麓谷大道交叉口;2;3
316;2;20240603071907;430106000000010551;旺龙路与岳麓大道桥下路口;3;1
317;2;20240603071051;430106000000020168;岳麓大道与麓谷大道交叉口;2;3
317;2;20240603071733;430106000000019049;望青路与青山路交叉口;2;3
317;2;20240603071953;430106000000020060;尖山路与旺龙路交叉口;2;1
318;52;20240603071053;430106000000020168;岳麓大道与麓谷大道交叉口;1;3
318;52;20240603071800;430106000000012458;青山路与尖山路交叉口;1;3
318;52;20240603072019;430106000000019051;望青路与青山路交叉口;3;2
319;52;20240603071053;430106000000020168;岳麓大道与麓谷大道交叉口;2;3
319;52;20240603072025;430106000000020060;尖山路与旺龙路交叉口;2;1
320;2;20240603071053;430106000000020168;岳麓大道与麓谷大道交叉口;3;3
320;2;20240603072013;430106000000020060;尖山路与旺龙路交叉口;2;1
321;2;20240603071058;430106000000020168;岳麓大道与麓谷大道交叉口;1;3
321;2;20240603071901;430106000000012458;青山路与尖山路交叉口;1;3
321;2;20240603072020;430106000000019051;望青路与青山路交叉口;0;2
322;2;20240603071114;430106000000010506;青山路与尖山路交叉口;2;1
322;2;20240603071200;430106000000020068;青山路与旺龙路西交叉口;2;1
323;2;20240603071119;430106000000012457;青山路与尖山路交叉口;1;1
323;2;20240603071218;430106000000020068;青山路与旺龙路西交叉口;2;1
324;2;20240603071130;430106000000019057;岳麓大道与麓谷大道交叉口;3;1
324;2;20240603071553;430106000000020060;尖山路与旺龙路交叉口;2;1
325;52;20240603071131;430106000000010550;旺龙路与岳麓大道桥下路口;2;1
325;52;20240603071541;430106000000020070;青山路与旺龙路西交叉口;3;3
325;52;20240603071643;430106000000010508;青山路与尖山路交叉口;2;2
325;52;20240603071950;430106000000019051;望青路与青山路交叉口;3;2
326;2;20240603071133;430106000000020063;尖山路与旺龙路交叉口;3;2
326;2;20240603071651;430106000000020081;望青路与青山路交叉口;2;4
326;2;20240603072005;430106000000020086;岳麓大道与麓谷大道交叉口;1;4
327;2;20240603071141;430106000000010504;青山路与尖山路交叉口;1;4
327;2;20240603071509;430106000000019051;望青路与青山路交叉口;0;2
328;2;20240603071148;430106000000010506;青山路与尖山路交叉口;1;1
328;2;20240603071417;430106000000010550;旺龙路与岳麓大道桥下路口;2;1
329;2;20240603071151;430106000000010506;青山路与尖山路交叉口;3;1
329;2;20240603071435;430106000000020067;青山路与旺龙路西交叉口;3;1
329;2;20240603071745;430106000000012397;旺龙路与岳麓大道桥下路口;3;4
330;2;20240603071151;430106000000020168;岳麓大道与麓谷大道交叉口;3;3
330;2;20240603072030;430106000000020060;尖山路与旺龙路交叉口;2;1
331;2;20240603071155;430106000000020063;尖山路与旺龙路交叉口;3;2
331;2;20240603071646;430106000000020081;望青路与青山路交叉口;2;4
331;2;20240603071944;430106000000020086;岳麓大道与麓谷大道交叉口;1;4
332;2;20240603071226;430106000000019051;望青路与青山路交叉口;0;2
332;2;20240603071452;430106000000020086;岳麓大道与麓谷大道交叉口;1;4
333;2;20240603071235;430106000000020168;岳麓大道与麓谷大道交叉口;3;3
333;2;20240603072032;430106000000020060;尖山路与旺龙路交叉口;2;1
334;2;20240603071241;430106000000019051;望青路与青山路交叉口;0;2
334;2;20240603071450;430106000000020086;岳麓大道与麓谷大道交叉口;2;4
335;52;20240603071242;430106000000012398;旺龙路与岳麓大道桥下路口;3;1
335;52;20240603071428;430106000000020069;青山路与旺龙路西交叉口;1;3
336;52;20240603071244;430106000000012398;旺龙路与岳麓大道桥下路口;3;1
336;52;20240603071425;430106000000010514;青山路与旺龙路西交叉口;2;3
337;2;20240603071245;430106000000019051;望青路与青山路交叉口;0;2
337;2;20240603071452;430106000000020086;岳麓大道与麓谷大道交叉口;2;4
338;2;20240603071247;430106000000012399;旺龙路与岳麓大道桥下路口;2;3
338;2;20240603071428;430106000000020069;青山路与旺龙路西交叉口;2;3
338;2;20240603072018;430106000000020063;尖山路与旺龙路交叉口;3;2
339;2;20240603071249;430106000000019051;望青路与青山路交叉口;0;2
339;2;20240603071457;430106000000020086;岳麓大道与麓谷大道交叉口;1;4
340;2;20240603071251;430106000000019051;望青路与青山路交叉口;0;2
340;2;20240603071500;430106000000020086;岳麓大道与麓谷大道交叉口;1;4
341;2;20240603071254;430106000000019056;岳麓大道与麓谷大道交叉口;3;1
341;2;20240603071539;430106000000010550;旺龙路与岳麓大道桥下路口;1;1
342;2;20240603071258;430106000000012399;旺龙路与岳麓大道桥下路口;1;3
342;2;20240603071431;430106000000020070;青山路与旺龙路西交叉口;3;3
342;2;20240603072023;430106000000020063;尖山路与旺龙路交叉口;3;2
343;2;20240603071259;430106000000012456;青山路与尖山路交叉口;2;4
343;2;20240603071414;430106000000020067;青山路与旺龙路西交叉口;3;1
344;2;20240603071305;430106000000019058;岳麓大道与麓谷大道交叉口;1;2
344;2;20240603071729;430106000000020060;尖山路与旺龙路交叉口;2;1
345;2;20240603071315;430106000000012457;青山路与尖山路交叉口;1;1
345;2;20240603071430;430106000000020067;青山路与旺龙路西交叉口;3;1
346;2;20240603071320;430106000000020168;岳麓大道与麓谷大道交叉口;2;3
346;2;20240603071945;430106000000019049;望青路与青山路交叉口;2;3
347;2;20240603071339;430106000000019057;岳麓大道与麓谷大道交叉口;3;1
347;2;20240603071445;430106000000019049;望青路与青山路交叉口;2;3
347;2;20240603071711;430106000000020060;尖山路与旺龙路交叉口;2;1
348;52;20240603071347;430106000000012457;青山路与尖山路交叉口;1;1
348;52;20240603071519;430106000000020067;青山路与旺龙路西交叉口;3;1
349;2;20240603071347;430106000000019057;岳麓大道与麓谷大道交叉口;3;1
349;2;20240603071716;430106000000020060;尖山路与旺龙路交叉口;2;1
350;2;20240603071350;430106000000010506;青山路与尖山路交叉口;1;1
350;2;20240603071541;430106000000010550;旺龙路与岳麓大道桥下路口;1;1
351;2;20240603071350;430106000000010507;青山路与尖山路交叉口;2;3
351;2;20240603071654;430106000000020061;尖山路与旺龙路交叉口;3;3
352;2;20240603071358;430106000000020081;望青路与青山路交叉口;1;4
352;2;20240603071518;430106000000020086;岳麓大道与麓谷大道交叉口;2;4
353;2;20240603071409;430106000000019057;岳麓大道与麓谷大道交叉口;3;1
353;2;20240603071605;430106000000019049;望青路与青山路交叉口;2;3
354;2;20240603071435;430106000000010506;青山路与尖山路交叉口;2;1
354;2;20240603071709;430106000000020068;青山路与旺龙路西交叉口;2;1
355;2;20240603071441;430106000000020081;望青路与青山路交叉口;1;4
355;2;20240603071725;430106000000020086;岳麓大道与麓谷大道交叉口;1;4
356;2;20240603071450;430106000000012399;旺龙路与岳麓大道桥下路口;2;3
356;2;20240603071644;430106000000020069;青山路与旺龙路西交叉口;2;3
357;2;20240603071451;430106000000012399;旺龙路与岳麓大道桥下路口;1;3
357;2;20240603071640;430106000000020070;青山路与旺龙路西交叉口;3;3
357;2;20240603072017;430106000000020063;尖山路与旺龙路交叉口;3;2
358;52;20240603071500;430106000000012399;旺龙路与岳麓大道桥下路口;2;3
358;52;20240603071640;430106000000020069;青山路与旺龙路西交叉口;2;3
358;52;20240603072026;430106000000020063;尖山路与旺龙路交叉口;3;2
359;2;20240603071512;430106000000019051;望青路与青山路交叉口;0;2
359;2;20240603071715;430106000000020086;岳麓大道与麓谷大道交叉口;1;4
360;2;20240603071515;430106000000012398;旺龙路与岳麓大道桥下路口;3;1
360;2;20240603071701;430106000000020069;青山路与旺龙路西交叉口;2;3
361;2;20240603071516;430106000000019051;望青路与青山路交叉口;0;2
361;2;20240603071728;430106000000020086;岳麓大道与麓谷大道交叉口;2;4
362;52;20240603071518;430106000000019051;望青路与青山路交叉口;0;2
362;52;20240603071724;430106000000020086;岳麓大道与麓谷大道交叉口;2;4
363;2;20240603071527;430106000000019051;望青路与青山路交叉口;0;2
363;2;20240603071721;430106000000020086;岳麓大道与麓谷大道交叉口;1;4
364;1;20240603071538;430106000000010507;青山路与尖山路交叉口;2;3
364;1;20240603071711;430106000000020061;尖山路与旺龙路交叉口;3;3
365;2;20240603071542;430106000000010507;青山路与尖山路交叉口;2;3
365;2;20240603071720;430106000000020061;尖山路与旺龙路交叉口;3;3
366;2;20240603071543;430106000000019057;岳麓大道与麓谷大道交叉口;3;1
366;2;20240603071739;430106000000020060;尖山路与旺龙路交叉口;2;1
367;2;20240603071545;430106000000012399;旺龙路与岳麓大道桥下路口;2;3
367;2;20240603071910;430106000000020069;青山路与旺龙路西交叉口;2;3
368;2;20240603071553;430106000000020061;尖山路与旺龙路交叉口;3;3
368;2;20240603071816;430106000000010504;青山路与尖山路交叉口;2;4
369;52;20240603071554;430106000000020063;尖山路与旺龙路交叉口;3;2
369;52;20240603071824;430106000000020081;望青路与青山路交叉口;2;4
369;52;20240603072010;430106000000020086;岳麓大道与麓谷大道交叉口;2;4
370;2;20240603071601;430106000000012457;青山路与尖山路交叉口;1;1
370;2;20240603071659;430106000000020068;青山路与旺龙路西交叉口;2;1
371;2;20240603071610;430106000000010507;青山路与尖山路交叉口;2;3
371;2;20240603071925;430106000000020061;尖山路与旺龙路交叉口;3;3
372;52;20240603071614;430106000000010504;青山路与尖山路交叉口;1;4
372;52;20240603072018;430106000000019051;望青路与青山路交叉口;0;2
373;52;20240603071616;430106000000012458;青山路与尖山路交叉口;1;3
373;52;20240603071742;430106000000019051;望青路与青山路交叉口;0;2
373;52;20240603072002;430106000000020086;岳麓大道与麓谷大道交叉口;2;4
374;2;20240603071631;430106000000010506;青山路与尖山路交叉口;2;1
374;2;20240603071720;430106000000020068;青山路与旺龙路西交叉口;2;1
375;2;20240603071632;430106000000019051;望青路与青山路交叉口;0;2
375;2;20240603071748;430106000000020086;岳麓大道与麓谷大道交叉口;2;4
376;2;20240603071635;430106000000019058;岳麓大道与麓谷大道交叉口;2;2
376;2;20240603072019;430106000000020060;尖山路与旺龙路交叉口;2;1
377;2;20240603071639;430106000000019051;望青路与青山路交叉口;0;2
377;2;20240603071741;430106000000020086;岳麓大道与麓谷大道交叉口;1;4
378;2;20240603071639;430106000000010506;青山路与尖山路交叉口;1;1
378;2;20240603071947;430106000000010551;旺龙路与岳麓大道桥下路口;3;1
379;2;20240603071645;430106000000019057;岳麓大道与麓谷大道交叉口;3;1
379;2;20240603071751;430106000000019049;望青路与青山路交叉口;2;3
379;2;20240603071957;430106000000020060;尖山路与旺龙路交叉口;2;1
380;52;20240603071647;430106000000020065;青山路与旺龙路西交叉口;3;4
380;52;20240603071831;430106000000010549;旺龙路与岳麓大道桥下路口;2;4
381;2;20240603071654;430106000000020081;望青路与青山路交叉口;2;4
381;2;20240603072014;430106000000020086;岳麓大道与麓谷大道交叉口;1;4
382;2;20240603071700;430106000000019057;岳麓大道与麓谷大道交叉口;3;1
382;2;20240603071840;430106000000019049;望青路与青山路交叉口;2;3
382;2;20240603072007;430106000000020060;尖山路与旺龙路交叉口;2;1
383;52;20240603071720;430106000000012399;旺龙路与岳麓大道桥下路口;1;3
383;52;20240603071915;430106000000020070;青山路与旺龙路西交叉口;3;3
384;2;20240603071726;430106000000019051;望青路与青山路交叉口;0;2
384;2;20240603071951;430106000000020086;岳麓大道与麓谷大道交叉口;2;4
385;2;20240603071729;430106000000019051;望青路与青山路交叉口;0;2
385;2;20240603071956;430106000000020086;岳麓大道与麓谷大道交叉口;1;4
386;2;20240603071734;430106000000019051;望青路与青山路交叉口;0;2
386;2;20240603071958;430106000000020086;岳麓大道与麓谷大道交叉口;1;4
387;52;20240603071735;430106000000019051;望青路与青山路交叉口;3;2
387;52;20240603072045;430106000000019056;岳麓大道与麓谷大道交叉口;2;1
388;2;20240603071756;430106000000010506;青山路与尖山路交叉口;2;1
388;2;20240603072012;430106000000020067;青山路与旺龙路西交叉口;3;1
389;2;20240603071758;430106000000010550;旺龙路与岳麓大道桥下路口;1;1
389;2;20240603071823;430106000000020085;岳麓大道与麓谷大道交叉口;2;2
390;52;20240603071810;430106000000019056;岳麓大道与麓谷大道交叉口;3;1
390;52;20240603072000;430106000000010507;青山路与尖山路交叉口;1;3
391;2;20240603071816;430106000000019057;岳麓大道与麓谷大道交叉口;3;1
391;2;20240603072027;430106000000020060;尖山路与旺龙路交叉口;2;1
392;2;20240603071831;430106000000010507;青山路与尖山路交叉口;3;3
392;2;20240603071920;430106000000020061;尖山路与旺龙路交叉口;3;3
393;52;20240603071850;430106000000010506;青山路与尖山路交叉口;2;1
393;52;20240603072014;430106000000020067;青山路与旺龙路西交叉口;3;1
394;2;20240603071851;430106000000010507;青山路与尖山路交叉口;1;3
394;2;20240603071956;430106000000020067;青山路与旺龙路西交叉口;3;1
395;2;20240603071906;430106000000019057;岳麓大道与麓谷大道交叉口;3;1
395;2;20240603071959;430106000000019049;望青路与青山路交叉口;2;3
396;2;20240603071913;430106000000010506;青山路与尖山路交叉口;2;1
396;2;20240603072034;430106000000020067;青山路与旺龙路西交叉口;3;1